[ 9400.096735] [Project1] 14082 1587892565.808201869 1587892566.394296172 
[ 9401.246276] [Project1] 14091 1587892566.965317260 1587892567.543846880 
[ 9402.392600] [Project1] 14092 1587892568.114895377 1587892568.690182260 
[ 9403.531802] [Project1] 14093 1587892569.252233553 1587892569.829391797 
[ 9404.673033] [Project1] 14102 1587892570.396678925 1587892570.970633683 
[ 9405.811168] [Project1] 14103 1587892571.535398487 1587892572.108777562 
[ 9406.948762] [Project1] 14111 1587892572.672630299 1587892573.246381942 
[ 9408.089256] [Project1] 14112 1587892573.813562773 1587892574.386886469 
[ 9409.230793] [Project1] 14120 1587892574.954639860 1587892575.528431858 
[ 9410.371960] [Project1] 14121 1587892576.97112151 1587892576.669608624 
